3,8,1001,8,10,8,105,1,0,0,21,38,63,88,97,118,199,280,361,442,99999,3,9,1002,9,3,9,101,2,9,9,1002,9,4,9,4,9,99,3,9,101,3,9,9,102,5,9,9,101,3,9,9,1002,9,3,9,101,3,9,9,4,9,99,3,9,1002,9,2,9,1001,9,3,9,102,3,9,9,101,2,9,9,1002,9,4,9,4,9,99,3,9,102,2,9,9,4,9,99,3,9,102,4,9,9,101,5,9,9,102,2,9,9,101,5,9,9,4,9,99,3,9,1002,9,2,9,4,9,3,9,101,1,9,9,4,9,3,9,102,2,9,9,4,9,3,9,101,1,9,9,4,9,3,9,101,2,9,9,4,9,3,9,1001,9,2,9,4,9,3,9,102,2,9,9,4,9,3,9,102,2,9,9,4,9,3,9,101,1,9,9,4,9,3,9,102,2,9,9,4,9,99,3,9,101,1,9,9,4,9,3,9,102,2,9,9,4,9,3,9,1001,9,2,9,4,9,3,9,1001,9,2,9,4,9,3,9,1001,9,1,9,4,9,3,9,1001,9,1,9,4,9,3,9,1001,9,2,9,4,9,3,9,102,2,9,9,4,9,3,9,1002,9,2,9,4,9,3,9,1001,9,1,9,4,9,99,3,9,1002,9,2,9,4,9,3,9,1002,9,2,9,4,9,3,9,102,2,9,9,4,9,3,9,1002,9,2,9,4,9,3,9,1001,9,1,9,4,9,3,9,102,2,9,9,4,9,3,9,102,2,9,9,4,9,3,9,101,1,9,9,4,9,3,9,102,2,9,9,4,9,3,9,102,2,9,9,4,9,99,3,9,102,2,9,9,4,9,3,9,101,1,9,9,4,9,3,9,1002,9,2,9,4,9,3,9,1002,9,2,9,4,9,3,9,102,2,9,9,4,9,3,9,1002,9,2,9,4,9,3,9,1001,9,2,9,4,9,3,9,101,2,9,9,4,9,3,9,1001,9,2,9,4,9,3,9,101,1,9,9,4,9,99,3,9,101,1,9,9,4,9,3,9,101,1,9,9,4,9,3,9,101,1,9,9,4,9,3,9,102,2,9,9,4,9,3,9,1001,9,1,9,4,9,3,9,1001,9,2,9,4,9,3,9,101,2,9,9,4,9,3,9,102,2,9,9,4,9,3,9,1001,9,1,9,4,9,3,9,1001,9,2,9,4,9,99

0 INPUT [52]
2 ADD [52], -5, [52]
6 INPUT [53]
8 ADD [52], [56], [54]
12 LESS [52], 5, [55]
16 JIT [55], [26]
19 ADD [54], -5, [54]
23 JIT 1, [12]
26 ADD [53], [54], [53]
30 EQU [54], 0, [55]
34 ADD [55], 1, [55]
38 MUL [53], [55], [53]
42 OUT [53]
44 ADD [56], -1, [56]
48 JIT [56], 6
51 RET

52: 0
53: 0
54: 0
55: 0
56: 10